42.38
38.34
33.75
33.62
37.04
41.65
46.59
45.09
49.2
47.12
59.47
60.3
59.63
47.6
49.76
48.24
53.27
66.15
80.54
91.16
95.96
98.17
105.37
102.71
99.74
101.58
102.59
97.49
98.42
92.72
96.38
102.33
107.65
105.03
96.56
91.97
93.46
97.23
92.05
97.49
91.82
88.91
86.24
92.19
96.47
88.06
84.96
86.53
104.87
103.02
107.07
98.48
98.83
100.36
93.19
79.2
88.81
95.7
95.42
102.7
113.93
106.72
96.97
92.19
91.38
84.11
81.43
79.97
71.92
78.95
75.63
73.97
86.15
83.76
79.66
72.89
79.36
77.28
77
70.61
69.96
69.45
69.89
66.31
51.12
49.66
44.76
41.68
44.6
54.43
67.81
100.64
115.46
124.08
140
127.35
113.46
101.58
101.84
91.75
95.98
88.71
94.53
81.66
74.04
78.21
70.68
64.01
65.71
65.87
61.79
58.14
61.05
63.13
58.73
62.91
70.26
74.4
73.93
71.29
71.88
66.63
61.41
67.92
61.04
57.32
59.76
66.24
68.94
60.57
56.5
51.97
49.72
55.4
51.75
48.2
43.45
49.13
51.76
49.64
42.12
43.8
37.05
39.88
37.38
35.76
36.16
33.05
32.52
30.41
29.11
29.2
31.57
30.54
30.19
29.56
25.8
31.04
36.6
33.51
31.2
26.89
27.22
30.45
28.98
27.02
26.86
25.31
27.29
26.31
21.74
19.48
19.84
19.44
21.18
23.43
27.2
26.35
26.25
28.37
28.46
26.29
27.39
28.66
26.8
33.82
32.7
30.84
33.12
27.43
32.5
29.01
25.74
26.9
30.43
27.64
25.6
24.59
21.75
24.51
22.11
20.53
19.29
16.84
18.66
16.76
12.27
12.75
12.05
11.22
14.42
16.14
13.34
14.21
14.18
15.2
15.39
15.61
15.44
17.21
17.64
19.15
21.08
21.18
19.61
20.14
19.8
20.88
20.21
20.41
20.3
24.15
25.92
23.75
23.35
24.38
22.25
20.42
20.92
19.76
21.2
21.47
19.54
17.74
19.55
18.18
17.64
17.54
17.84
17.56
17.4
18.89
20.38
19.17
18.49
18.39
17.76
18.05
18.19
18.39
17.56
20.3
19.37
18.31






























































































































































































































































































































































































































































































































































































































































































































































