6.253991018236901844e-01 -1.746212758376196050e-01 8.407765843027421582e-01
-5.544994939739958939e-01 5.719010576654792732e-01 2.214004435764813650e+00
-2.286298133183241321e-01 -1.227829190638384665e-02 -7.966680979679363617e-01
1.292541547684162406e+00 4.939618542077235941e-01 6.699440756985973744e-01
-1.670711286203868440e+00 9.867492115322683555e-01 3.248553428214839278e-01
3.124888827122435033e-04 -9.017921002906215122e-01 5.558320858867210612e-01
2.333588170918158067e+00 1.717348684050888474e+00 1.491636735132018110e+00
2.207970559679318434e+00 -4.653441626319373969e-01 -2.074097610464763486e-01
2.616432522984099909e-02 -7.020609236976692591e-01 -1.558182850008545464e-02
1.375957421092615762e+00 -2.408570196037469913e+00 -1.904548134384556057e-01
6.835787600143690135e-01 -1.447611298270035374e-01 -4.655158931863358496e-01
3.159881794244525088e-01 1.564038792947838041e-01 3.355509079450604837e-01
1.519894113210127351e+00 1.029122050680709499e+00 -8.247696396802365326e-01
1.583259874891343566e+00 6.938899653746629648e-01 -9.497433186603723154e-01
-3.563829874055738367e-01 -1.158192076323580455e+00 2.060048552057804072e-01
